Set , true/false 
[001 010 011 100 110 111] , true
[001 100 101 110] , true
[000 001 011 100 101 110] , true
[000 001 010 101 110 111] , true
[001 010 100 101] , true
[000 011 100 110 111] , true
[000 101 110 111] , true
[000 011 101 110 111] , true
[010 011 100 111] , true
[000 010 011 101 110] , true
[000 010 100 101 111] , true
[001 010 011 100 110] , true
[000 011 100 101 111] , true
[000 010 011 100 111] , true
[001 010 100 101 111] , true
[001 100 110 111] , true
[000 011 110 111] , true
[011 100 110 111] , true
[000 011 100 101 110] , true
[001 011 100 110 111] , true
[000 001 011 101 110] , true
[000 011 100 101] , true
[000 001 011 100] , true
[000 010 011 111] , true
[001 010 011 100] , true
[000 010 011 101 110 111] , true
[000 001 010 011 101 110] , true
[001 010 011 100 111] , true
[010 100 101 111] , true
[001 010 100 110 111] , true
[000 001 010 011 100 111] , true
[000 001 010 100 101 111] , true
[000 001 010 101 110] , true
[001 010 011 110] , true
[000 010 011 101 111] , true
[000 011 100 101 110 111] , true
[000 001 011 100 110 111] , true
[001 010 011 100 101 110] , true
[011 100 101 110] , true
[000 010 101 110 111] , true
[001 010 011 101 110] , true
[000 001 101 110] , true
[001 011 100 101 110] , true
[000 010 011 100 101 111] , true
[000 001 010 101] , true
[000 001 011 100 111] , true
[001 010 101 110 111] , true
[000 001 011 100 110] , true
[000 001 100 111] , true
[010 101 110 111] , true
[000 001 011 110] , true
[000 010 011 101] , true
[000 001 010 111] , true
[001 010 100 101 110] , true
[001 010 100 101 110 111] , true
[010 011 101 110] , true
[000 001 010 101 111] , true
[000 100 101 111] , true
[001 010 110 111] , true
[000 001 010 100 111] , true

count =60
