Set , true/false 
[000 011 100 101 110] , true
[001 010 100 101 110 111] , true
[000 011 100 101 110 111] , true
[001 011 100 110 111] , true
[000 011 100 101 111] , true
[001 011 100 101 110] , true
[000 001 010 011 100 111] , true
[000 001 010 100 101 111] , true
[001 010 011 100 110 111] , true
[000 001 011 100 111] , true
[000 010 011 101 111] , true
[001 010 100 101 110] , true
[000 001 011 100 110] , true
[000 011 100 110 111] , true
[001 010 011 101 110] , true
[000 001 010 101 111] , true
[000 001 010 011 101 110] , true
[001 010 100 101 111] , true
[000 001 010 101 110 111] , true
[000 010 011 100 111] , true
[000 010 011 101 110] , true
[001 010 011 100 110] , true
[000 010 100 101 111] , true
[000 001 010 100 111] , true
[000 001 011 100 110 111] , true
[000 001 011 101 110] , true
[000 010 011 100 101 111] , true
[000 001 010 101 110] , true
[000 010 011 101 110 111] , true
[001 010 100 110 111] , true
[001 010 101 110 111] , true
[000 010 101 110 111] , true
[000 011 101 110 111] , true
[001 010 011 100 101 110] , true
[001 010 011 100 111] , true
[000 001 011 100 101 110] , true

count =36
